eval_loss = 0.0057739250982801115
mcc = 0.9976558738452018
